POWER MAP
20 20
0.00625 0.00625 0.00625 0.00625 0.00625 0.00625 0.00625 0.00625 0.00625 0.00625 0.00625 0.00625 0.00625 0.00625 0.00625 0.00625 0.00625 0.00625 0.00625 0.00625
0.00625 0.00625 0.00625 0.00625 0.00625 0.00625 0.00625 0.00625 0.00625 0.00625 0.00625 0.00625 0.00625 0.00625 0.00625 0.00625 0.00625 0.00625 0.00625 0.00625
0.00625 0.00625 0.00625 0.00625 0.00625 0.00625 0.00625 0.00625 0.00625 0.00625 0.00625 0.00625 0.00625 0.00625 0.00625 0.00625 0.00625 0.00625 0.00625 0.00625
0.00625 0.00625 0.00625 0.00625 0.00625 0.00625 0.00625 0.00625 0.00625 0.00625 0.00625 0.00625 0.00625 0.00625 0.00625 0.00625 0.00625 0.00625 0.00625 0.00625
0.00625 0.00625 0.00625 0.00625 0.00625 0.00625 0.00625 0.00625 0.00625 0.00625 0.00625 0.00625 0.00625 0.00625 0.00625 0.00625 0.00625 0.00625 0.00625 0.00625
0.00625 0.00625 0.00625 0.00625 0.00625 0.00625 0.00625 0.00625 0.00625 0.00625 0.00625 0.00625 0.00625 0.00625 0.00625 0.00625 0.00625 0.00625 0.00625 0.00625
0.00625 0.00625 0.00625 0.00625 0.00625 0.00625 0.00625 0.00625 0.00625 0.00625 0.00625 0.00625 0.00625 0.00625 0.00625 0.00625 0.00625 0.00625 0.00625 0.00625
0.00625 0.00625 0.00625 0.00625 0.00625 0.00625 0.00625 0.00625 0.00625 0.00625 0.00625 0.00625 0.00625 0.00625 0.00625 0.00625 0.00625 0.00625 0.00625 0.00625
0.00625 0.00625 0.00625 0.00625 0.00625 0.00625 0.00625 0.00625 0.00625 0.00625 0.00625 0.00625 0.00625 0.00625 0.00625 0.00625 0.00625 0.00625 0.00625 0.00625
0.00625 0.00625 0.00625 0.00625 0.00625 0.00625 0.00625 0.00625 0.00625 0.00625 0.00625 0.00625 0.00625 0.00625 0.00625 0.00625 0.00625 0.00625 0.00625 0.00625
0.00625 0.00625 0.00625 0.00625 0.00625 0.00625 0.00625 0.00625 0.00625 0.00625 0.00625 0.00625 0.00625 0.00625 0.00625 0.00625 0.00625 0.00625 0.00625 0.00625
0.00625 0.00625 0.00625 0.00625 0.00625 0.00625 0.00625 0.00625 0.00625 0.00625 0.00625 0.00625 0.00625 0.00625 0.00625 0.00625 0.00625 0.00625 0.00625 0.00625
0.00625 0.00625 0.00625 0.00625 0.00625 0.00625 0.00625 0.00625 0.00625 0.00625 0.00625 0.00625 0.00625 0.00625 0.00625 0.00625 0.00625 0.00625 0.00625 0.00625
0.00625 0.00625 0.00625 0.00625 0.00625 0.00625 0.00625 0.00625 0.00625 0.00625 0.00625 0.00625 0.00625 0.00625 0.00625 0.00625 0.00625 0.00625 0.00625 0.00625
0.00625 0.00625 0.00625 0.00625 0.00625 0.00625 0.00625 0.00625 0.00625 0.00625 0.00625 0.00625 0.00625 0.00625 0.00625 0.00625 0.00625 0.00625 0.00625 0.00625
0.00625 0.00625 0.00625 0.00625 0.00625 0.00625 0.00625 0.00625 0.00625 0.00625 0.00625 0.00625 0.00625 0.00625 0.00625 0.00625 0.00625 0.00625 0.00625 0.00625
0.00625 0.00625 0.00625 0.00625 0.00625 0.00625 0.00625 0.00625 0.00625 0.00625 0.00625 0.00625 0.00625 0.00625 0.00625 0.00625 0.00625 0.00625 0.00625 0.00625
0.00625 0.00625 0.00625 0.00625 0.00625 0.00625 0.00625 0.00625 0.00625 0.00625 0.00625 0.00625 0.00625 0.00625 0.00625 0.00625 0.00625 0.00625 0.00625 0.00625
0.00625 0.00625 0.00625 0.00625 0.00625 0.00625 0.00625 0.00625 0.00625 0.00625 0.00625 0.00625 0.00625 0.00625 0.00625 0.00625 0.00625 0.00625 0.00625 0.00625
0.00625 0.00625 0.00625 0.00625 0.00625 0.00625 0.00625 0.00625 0.00625 0.00625 0.00625 0.00625 0.00625 0.00625 0.00625 0.00625 0.00625 0.00625 0.00625 0.00625